D = 16
MOVE_NOISE = 0.05
INTERCEPT_ETA = 0
INTERCEPT_REW = -1
WEIGHT = 2
RESET = 20
COEF = 0.1
GAM = 0.9
ETA_COEF = 0.5
M = 20
N = 100
J = 20
T = 50
Ti = 20
B = 50
learn_rate = 0.5
cr_reps = 10
reps = 5
centers_x = [ 0  2 15  7  1  9  0 14]
centers_y = [10 14 11  5 10 13  2  8]
SEED_NUM = 20
theta_true = [ 0.69129968 -0.68867336  0.52656287  0.55667525 -1.6299335  -1.54988354
 -1.35793592 -1.97925044 -0.39544998]
ex_alphas = [[2 0 0 0 1]
 [0 0 2 0 1]
 [0 0 0 2 1]
 [0 2 0 0 1]]
ex_sigsqs = [0.1 0.1 0.1 0.1]
alpha = [[-0.03927739 -0.02773041 -0.04636156  0.03597047  0.02580979]
 [ 0.01277435 -0.06371122 -0.06740333 -0.04245847  0.03909484]
 [-0.05211331  0.02400978 -0.01892413 -0.05087261 -0.04258734]
 [-0.03284113  0.02245886  0.06695142 -0.04288095 -0.07621856]]
sigsq = [0.63895323 0.36509511 0.83433271 0.77417865]
theta = [ 0.69463448 -0.27030839  1.14386462 -0.27270437  0.47366142  0.83223545
 -0.0284285  -0.16221571  0.92862446]
beta = [0.08010174 0.58230977 0.4368789  0.58936686]
phi = [[0.92665937 0.93018506]
 [0.57585823 0.1463731 ]
 [0.50898299 0.86455099]
 [0.69597481 0.87655079]]
test_data = boltz
true_tot = 2529.406994363383
mean MEIRL_det_tot = 2219.2702594682983
sd MEIRL_det_tot = 378.0054101108462
mean MEIRL_unif_tot = 1775.5048943679278
sd MEIRL_unif_tot = 494.47368006549635
mean AR_AEVB_tot = 1893.423609884318
sd AR_AEVB_tot = 170.04114738141988
mean random_tot = 1838.484450748497
sd random_tot = 446.35560542918
