D = 16
MOVE_NOISE = 0.05
INTERCEPT_ETA = 0
WEIGHT = 2
COEF = 0.1
ETA_COEF = 0.01
GAM = 0.9
M = 20
N = 100
J = 20
T = 50
Ti = 20
B = 50
INTERCEPT_REW = -1
learn_rate = 0.5
cr_reps = 10
reps = 5
sigsq_list = [0.01, 0.1, 1, 5]
SEED_NUM = 100
test_data = myo
ex_alphas = [[2 0 0 0 1]
 [0 0 2 0 1]
 [0 0 0 2 1]
 [0 2 0 0 1]]
ex_sigsqs = [0.01 0.1  1.   5.  ]
centers_x = [ 2  2  4 14  6 12 11  8]
centers_y = [14  6  9 13  9  6 13  4]
theta_true = [ 0.70666662  0.51211493 -0.56515379 -1.61682692 -0.97771028 -0.61729258
 -1.46036281 -0.43696672  0.30827473]
phi = [[0.7048624  0.23354448]
 [0.75152679 0.8988665 ]
 [0.90108718 0.19094531]
 [0.30506917 0.52778079]]
alpha = [[ 0.00954675  0.06340073 -0.05364905 -0.05446566  0.00198712]
 [-0.0234849   0.05881371 -0.01197278 -0.01276383 -0.07354394]
 [ 0.02846247 -0.03740996 -0.02546962  0.06096592 -0.00662641]
 [-0.02275975 -0.03991498 -0.03989833 -0.0374546   0.01054883]]
sigsq = [0.01460025 0.90734861 0.89868826 0.34300769]
beta = [0.01823442 0.02406748 0.41646307 0.4711447 ]
theta = [ 1.366311    2.02550428 -0.77612495  0.15881862 -0.03063697  0.99495629
  0.5072104  -0.64057214  0.41161353]
true_tot = 1408.2034592416771
mean MEIRL_det_tot = 1276.6644842760481
mean MEIRL_unif_tot = 1153.6931357487429
mean AR_AEVB_tot = 1015.1993665431913
mean random_tot = 890.6162984161435
sd MEIRL_det_tot = 149.3618246741587
sd MEIRL_unif_tot = 181.67227707724643
sd AR_AEVB_tot = 184.02636460321045
sd random_tot = 343.0555092382763
