D = 16
MOVE_NOISE = 0.05
INTERCEPT_ETA = 0
INTERCEPT_REW = -1
WEIGHT = 2
RESET = 20
COEF = 0.1
GAM = 0.9
ETA_COEF = 0.01
M = 20
N = 100
J = 20
T = 50
Ti = 20
B = 50
learn_rate = 0.5
cr_reps = 10
reps = 5
centers_x = [ 6  3  2 12  2 11 10  3]
centers_y = [ 7  0 12  2 10  5 11  9]
SEED_NUM = 60
theta_true = [ 0.27645365 -1.36127365 -1.19660096 -1.04300218 -1.06912888 -0.19907788
 -1.27029153 -1.57013608 -0.12994887]
ex_alphas = [[2 0 0 0 1]
 [0 0 2 0 1]
 [0 0 0 2 1]
 [0 2 0 0 1]]
ex_sigsqs = [0.01 0.01 0.01 0.01]
alpha = [[-0.00928805 -0.03887592  0.00387728  0.01749074 -0.0158671 ]
 [ 0.02762375 -0.00108235  0.04270774 -0.00491743  0.07841055]
 [-0.0875629  -0.03947977 -0.05948042  0.00533461  0.00247388]
 [ 0.01839573 -0.02775342  0.03663478 -0.04190585 -0.0400677 ]]
sigsq = [0.68062954 0.76072203 0.6558758  0.03439183]
theta = [-0.43901826  1.5896532   1.42245498 -1.15110551  0.87013423  1.3574121
 -0.57976335 -0.13252075 -0.55442649]
beta = [0.9035718  0.57282066 0.23690355 0.66825544]
phi = [[0.19199039 0.13669907]
 [0.00356686 0.24815919]
 [0.61361005 0.24382813]
 [0.27194918 0.52598957]]
test_data = boltz
true_tot = 2481.7177529169526
mean MEIRL_det_tot = 2425.6618182928296
sd MEIRL_det_tot = 206.562402624436
mean MEIRL_unif_tot = 2380.3354448501336
sd MEIRL_unif_tot = 214.38390767178205
mean AR_AEVB_tot = 2007.1727741135387
sd AR_AEVB_tot = 467.5532168611489
mean random_tot = 1999.7127662111768
sd random_tot = 319.24296032809855
