D = 16
MOVE_NOISE = 0.05
INTERCEPT_ETA = 0
INTERCEPT_REW = -1
WEIGHT = 2
RESET = 20
COEF = 0.1
GAM = 0.9
ETA_COEF = 0.5
M = 20
N = 100
J = 20
T = 50
Ti = 20
B = 50
learn_rate = 0.5
cr_reps = 10
reps = 5
centers_x = [ 2  2  4 14  6 12 11  8]
centers_y = [14  6  9 13  9  6 13  4]
SEED_NUM = 100
theta_true = [ 0.70666662  0.51211493 -0.56515379 -1.61682692 -0.97771028 -0.61729258
 -1.46036281 -0.43696672  0.30827473]
ex_alphas = [[2 0 0 0 1]
 [0 0 2 0 1]
 [0 0 0 2 1]
 [0 2 0 0 1]]
ex_sigsqs = [0.1 0.1 0.1 0.1]
alpha = [[ 0.00954675  0.06340073 -0.05364905 -0.05446566  0.00198712]
 [-0.0234849   0.05881371 -0.01197278 -0.01276383 -0.07354394]
 [ 0.02846247 -0.03740996 -0.02546962  0.06096592 -0.00662641]
 [-0.02275975 -0.03991498 -0.03989833 -0.0374546   0.01054883]]
sigsq = [0.01460025 0.90734861 0.89868826 0.34300769]
theta = [ 1.366311    2.02550428 -0.77612495  0.15881862 -0.03063697  0.99495629
  0.5072104  -0.64057214  0.41161353]
beta = [0.01823442 0.02406748 0.41646307 0.4711447 ]
phi = [[0.7048624  0.23354448]
 [0.75152679 0.8988665 ]
 [0.90108718 0.19094531]
 [0.30506917 0.52778079]]
test_data = boltz
true_tot = 1408.2034592416771
mean MEIRL_det_tot = 1083.6761369441767
sd MEIRL_det_tot = 221.83013380663056
mean MEIRL_unif_tot = 1015.0760804802516
sd MEIRL_unif_tot = 332.3588300040115
mean AR_AEVB_tot = 778.660876924607
sd AR_AEVB_tot = 283.80932767747294
mean random_tot = 895.5165872527301
sd random_tot = 344.53780188958433
