D = 16
MOVE_NOISE = 0.05
INTERCEPT_ETA = 0
INTERCEPT_REW = -1
WEIGHT = 2
RESET = 20
COEF = 0.1
GAM = 0.9
ETA_COEF = 0.01
M = 20
N = 50
J = 20
T = 50
Ti = 20
B = 50
learn_rate = 0.5
cr_reps = 10
reps = 5
centers_x = [ 8  1  1 14  0  1  7 13]
centers_y = [ 9  3 13 14 14  6 15  3]
SEED_NUM = 120
theta_true = [-1.10805666  0.43880007 -0.00771548  0.88586958 -1.94551812 -1.41103447
 -0.59284766 -1.44040742 -0.26508662]
ex_alphas = [[2 0 0 0 1]
 [0 0 2 0 1]
 [0 0 0 2 1]
 [0 2 0 0 1]]
ex_sigsqs = [0.1 0.1 0.1 0.1]
alpha = [[-0.00679754 -0.0057685   0.02206981 -0.05736093  0.0285032 ]
 [ 0.09181144 -0.00403613 -0.02905102  0.01659383 -0.01153777]
 [ 0.05818219  0.04185706 -0.06208213 -0.0181757   0.0438221 ]
 [-0.02921727 -0.00044234 -0.06107782 -0.02912882  0.08455762]]
sigsq = [0.78240876 0.22348602 0.32043422 0.63986958]
theta = [-0.67115301  1.16156444 -0.04427539 -0.47267635 -0.50881299  0.66793997
 -0.58336511 -0.22926091 -0.22227185]
beta = [0.4668649  0.60736243 0.4885532  0.84785864]
phi = [[0.4860579  0.34721828]
 [0.23557622 0.78328554]
 [0.77241882 0.11230619]
 [0.30258769 0.56209296]]
test_data = myo
true_tot = 2038.351394434173
mean MEIRL_det_tot = 1905.3482719185781
sd MEIRL_det_tot = 212.39444156143165
mean MEIRL_unif_tot = 1870.0942239945755
sd MEIRL_unif_tot = 290.7311475891491
mean AR_AEVB_tot = 1863.4003984732558
sd AR_AEVB_tot = 242.7564240026976
mean random_tot = 1216.545179836276
sd random_tot = 402.087285748172
