D = 16
MOVE_NOISE = 0.05
INTERCEPT_ETA = 0
INTERCEPT_REW = -1
WEIGHT = 2
RESET = 20
COEF = 0.1
GAM = 0.9
ETA_COEF = 0.01
M = 20
N = 20
J = 20
T = 50
Ti = 20
B = 50
learn_rate = 0.5
cr_reps = 10
reps = 5
centers_x = [10  1  6  4  0  8  8  4]
centers_y = [ 4  8 14 11  0  1  9  2]
SEED_NUM = 140
theta_true = [ 0.79459936  0.06844145  0.45186016  0.01418298  0.05472289  0.44071283
  0.6837041  -1.62156757 -1.62911661]
ex_alphas = [[2 0 0 0 1]
 [0 0 2 0 1]
 [0 0 0 2 1]
 [0 2 0 0 1]]
ex_sigsqs = [0.1 0.1 0.1 0.1]
alpha = [[-0.022196    0.08597374  0.06042984 -0.06079934  0.02524575]
 [-0.10568595 -0.08696441 -0.08846403  0.05839489 -0.04441829]
 [ 0.00427446 -0.04228981 -0.05902547  0.03898695  0.0056458 ]
 [-0.00982515  0.017176    0.00159411 -0.03049546 -0.06367979]]
sigsq = [0.05005512 0.50145431 0.86176756 0.94594617]
theta = [-1.77577163 -0.59760346 -1.18549986  0.12846418 -0.05295411  1.03675383
  0.22704174 -0.13799293  1.2933026 ]
beta = [0.69681058 0.34941047 0.23100148 0.02096192]
phi = [[0.47859795 0.17148508]
 [0.15576981 0.11866143]
 [0.328082   0.18477702]
 [0.70309997 0.54027212]]
test_data = boltz
true_tot = 1277.3640378069554
mean MEIRL_det_tot = 1195.25642434789
sd MEIRL_det_tot = 122.31568341214226
mean MEIRL_unif_tot = 1217.3886820816838
sd MEIRL_unif_tot = 69.9496654052022
mean AR_AEVB_tot = 1108.4042952773402
sd AR_AEVB_tot = 134.58082181233797
mean random_tot = 766.054670553378
sd random_tot = 150.7124017448662
