D = 16
MOVE_NOISE = 0.05
INTERCEPT_ETA = 0
INTERCEPT_REW = -1
WEIGHT = 2
RESET = 20
COEF = 0.1
GAM = 0.9
ETA_COEF = 0.01
M = 20
N = 100
J = 20
T = 50
Ti = 20
B = 50
learn_rate = 0.5
cr_reps = 10
reps = 5
centers_x = [ 8  6 10 11  7  0  1 12]
centers_y = [14  5  3 12 10  3  1  2]
SEED_NUM = 180
theta_true = [-0.88008124 -0.31287765 -1.99801071  0.99954071 -0.98977309  0.48729433
 -0.16781148 -0.78914491 -0.89438905]
ex_alphas = [[2 0 0 0 1]
 [0 0 2 0 1]
 [0 0 0 2 1]
 [0 2 0 0 1]]
ex_sigsqs = [1 1 1 1]
alpha = [[-0.01656622  0.12468451 -0.01074918 -0.09101714  0.03784471]
 [ 0.02098915 -0.02432629 -0.03098265  0.01166154  0.0430082 ]
 [ 0.05583439 -0.06958315 -0.07289119 -0.00897333 -0.01551532]
 [ 0.07108275 -0.04736728 -0.0043252  -0.06755249  0.04464998]]
sigsq = [0.38635244 0.63135934 0.80849615 0.67493719]
theta = [-0.82888106 -1.64527537 -2.7627904  -0.75170289 -0.14296859  0.72457062
 -0.44991618  2.46954863 -0.87778528]
beta = [0.70460664 0.02165716 0.02455966 0.34046027]
phi = [[0.76819991 0.58802939]
 [0.46598056 0.40132997]
 [0.65673713 0.84321528]
 [0.58421588 0.11578789]]
test_data = boltz
true_tot = 1417.2864260171605
mean MEIRL_det_tot = 1371.951579311709
sd MEIRL_det_tot = 52.76470831854786
mean MEIRL_unif_tot = 1360.63927357007
sd MEIRL_unif_tot = 57.74942750641672
mean AR_AEVB_tot = 1364.25349781629
sd AR_AEVB_tot = 55.04549075510029
mean random_tot = 948.4574750584131
sd random_tot = 204.32709775808675
