D = 16
MOVE_NOISE = 0.05
INTERCEPT_ETA = 0
INTERCEPT_REW = -1
WEIGHT = 2
RESET = 20
COEF = 0.1
GAM = 0.9
ETA_COEF = 0.5
M = 20
N = 100
J = 20
T = 50
Ti = 20
B = 50
learn_rate = 0.5
cr_reps = 10
reps = 5
centers_x = [11 10 15 12 10 12  1  9]
centers_y = [10  9 10  0  4  3  9  5]
SEED_NUM = 80
theta_true = [ 0.56775228  0.73517772 -0.01391022 -1.60086881 -0.79358193 -0.69953886
 -1.56581033 -0.80668052 -1.29475684]
ex_alphas = [[2 0 0 0 1]
 [0 0 2 0 1]
 [0 0 0 2 1]
 [0 2 0 0 1]]
ex_sigsqs = [5 5 5 5]
alpha = [[-0.05920202  0.0134267   0.00291364 -0.03654918  0.07745142]
 [-0.02783323  0.04355146  0.03782282  0.01278571 -0.0068974 ]
 [ 0.08270448 -0.10217088  0.03396811  0.04537149  0.06513913]
 [-0.0195137   0.04839394  0.03437596 -0.02115241  0.09265286]]
sigsq = [0.44157085 0.17884887 0.96547791 0.32755899]
theta = [-0.34620069 -1.53063715 -0.31461054 -0.08023793  0.16349766  0.02124572
  0.63004303  1.06172491 -1.93077006]
beta = [0.73779775 0.71316025 0.91527159 0.65211742]
phi = [[0.42088096 0.88719232]
 [0.44115715 0.5688404 ]
 [0.86477235 0.69413263]
 [0.26038373 0.90218803]]
test_data = myo
true_tot = 2382.085924373972
mean MEIRL_det_tot = 1638.2456708959555
sd MEIRL_det_tot = 63.80867651305948
mean MEIRL_unif_tot = 1549.9747247544753
sd MEIRL_unif_tot = 495.3254691327841
mean AR_AEVB_tot = 1685.366532331899
sd AR_AEVB_tot = 280.8403482314586
mean random_tot = 1686.2637357664582
sd random_tot = 319.3917401848235
