D = 16
MOVE_NOISE = 0.05
INTERCEPT_ETA = 0
INTERCEPT_REW = -1
WEIGHT = 2
RESET = 20
COEF = 0.1
GAM = 0.9
ETA_COEF = 0.05
M = 20
N = 100
J = 20
T = 50
Ti = 20
B = 50
learn_rate = 0.5
cr_reps = 10
reps = 5
centers_x = [ 1 13 14 13 11  7 12  9]
centers_y = [10  0 13 15  4 12  6  7]
SEED_NUM = 200
theta_true = [ 0.04103149 -0.83300525 -1.7361529   0.61962913 -0.05172431  0.04199568
 -1.79279374 -1.41527562  0.59153387]
ex_alphas = [[2 0 0 0 1]
 [0 0 2 0 1]
 [0 0 0 2 1]
 [0 2 0 0 1]]
ex_sigsqs = [0.1 0.1 0.1 0.1]
alpha = [[ 0.05216803  0.01733479  0.04600122 -0.00178815  0.06076181]
 [-0.06099157  0.00775749 -0.07591305  0.04603461 -0.03597053]
 [-0.00480818  0.00023353 -0.0287615   0.06882012 -0.03327432]
 [-0.04077024  0.04606285 -0.03324178  0.04313689  0.07462418]]
sigsq = [0.34466224 0.97149857 0.37567516 0.77135638]
theta = [-0.55046988 -1.13895979  0.66722863  0.39323296 -1.52342271  0.15906712
  0.10863341  1.24479376  0.0724814 ]
beta = [0.00611947 0.33706586 0.14863772 0.2679387 ]
phi = [[0.93476524 0.68356931]
 [0.89330756 0.50528864]
 [0.38551538 0.90852741]
 [0.59348237 0.13345851]]
test_data = myo
true_tot = 1413.5292541943859
mean MEIRL_det_tot = 942.4005899181426
sd MEIRL_det_tot = 304.64605458099055
mean MEIRL_unif_tot = 842.4889950770997
sd MEIRL_unif_tot = 402.3977853056612
mean AR_AEVB_tot = 651.0373370449734
sd AR_AEVB_tot = 303.08776826088626
mean random_tot = 852.5429164315108
sd random_tot = 290.6191266481399
