D = 16
MOVE_NOISE = 0.05
INTERCEPT_ETA = 0
INTERCEPT_REW = -1
WEIGHT = 2
RESET = 20
COEF = 0.1
GAM = 0.9
ETA_COEF = 0.01
M = 20
N = 100
J = 20
T = 50
Ti = 20
B = 50
learn_rate = 0.5
cr_reps = 10
reps = 5
centers_x = [ 8 10  9  4 14  9 14 12]
centers_y = [ 5  1 10  4  4  9  4  0]
SEED_NUM = 40
theta_true = [-1.55036777  0.0075591  -0.85917249 -0.82892474 -0.14002234 -0.51025939
 -1.9782716  -0.99815132 -0.51702344]
ex_alphas = [[2 0 0 0 1]
 [0 0 2 0 1]
 [0 0 0 2 1]
 [0 2 0 0 1]]
ex_sigsqs = [5 5 5 5]
alpha = [[-0.04368232  0.00116805 -0.0072061  -0.03189068  0.00043478]
 [-0.01854426  0.0350159  -0.03521957 -0.03739985  0.05511761]
 [ 0.06140007 -0.03601932  0.05932245 -0.06049805  0.04763144]
 [-0.00792823  0.05759523 -0.02854141  0.00044251 -0.10649599]]
sigsq = [0.79680969 0.5910986  0.56934827 0.23571464]
theta = [-1.1362908  -0.55075917  0.02361356  1.30507308  0.72808719  0.49074421
 -0.03560267 -0.48452541  1.34964723]
beta = [0.98833196 0.11224138 0.69468673 0.30928658]
phi = [[0.74903987 0.20668886]
 [0.06277927 0.6417199 ]
 [0.92357091 0.91389038]
 [0.97619081 0.28712512]]
test_data = boltz
true_tot = 2201.76430177302
mean MEIRL_det_tot = 2185.5820603438583
sd MEIRL_det_tot = 16.416976740501674
mean MEIRL_unif_tot = 2184.1942919024573
sd MEIRL_unif_tot = 16.510536702935134
mean AR_AEVB_tot = 2058.847895973517
sd AR_AEVB_tot = 261.2709789294373
mean random_tot = 1668.2511708369796
sd random_tot = 377.89153912464326
